

7E 31 31 30 31 44 30 30 30 36 31 31 38 30 44 37 41 30 44 33 43 31 38 31 38 31 34 31 32 30 30 30 30 30 30 35 35 36 33 31 44 34 43 46 46 30 45 41 36 36 34 30 31 30 30 30 30 30 30 30 30 30 30 30 30 30 30 30 30 30 30 30 30 30 30 30 30 30 30 30 30 30 30 30 30 30 30 30 30 30 30 30 32 30 30 30 30 30 30 30 30 30 30 30 30 30 30 30 30 30 30 30 30 30 30 30 30 30 30 30 30 30 30 30 30 30 30 30 30 30 30 30 33 30 30 30 30 30 30 30 30 30 30 30 30 30 30 30 30 30 30 30 30 30 30 30 30 30 30 30 30 30 30 30 30 30 30 30 30 30 30 30 34 30 30 30 30 30 30 30 30 30 30 30 30 30 30 30 30 30 30 30 30 30 30 30 30 30 30 30 30 30 30 30 30 30 30 30 30 30 30 30 35 30 30 30 30 30 30 30 30 30 30 30 30 30 30 30 30 30 30 30 30 30 30 30 30 30 30 30 30 30 30 30 30 30 30 30 30 30 30 30 36 30 30 30 30 30 30 30 30 30 30 30 30 30 30 30 30 30 30 30 30 30 30 30 30 30 30 30 30 30 30 30 30 30 30 30 30 30 30 30 37 43 37 45 43 0D 

7E 31 31 30 31 44 30 30 30 42 30 46 36 30 31 30 30 37 45 30 30 30 30 30 30 30 30 30 30 30 30 30 30 30 30 30 30 30 30 30 30 30 30 30 30 30 30 30 30 30 30 31 38 30 31 30 30 30 30 30 30 30 30 30 30 30 30 30 30 30 30 30 30 30 30 30 30 30 30 30 30 30 30 30 30 30 30 30 32 30 30 30 30 30 30 30 30 30 30 30 30 30 30 30 30 30 30 30 30 30 30 30 30 30 30 30 30 30 30 30 30 30 33 30 30 30 30 30 30 30 30 30 30 30 30 30 30 30 30 30 30 30 30 30 30 30 30 30 30 30 30 30 30 30 30 30 34 30 30 30 30 30 30 30 30 30 30 30 30 30 30 30 30 30 30 30 30 30 30 30 30 30 30 30 30 30 30 30 30 30 35 30 30 30 30 30 30 30 30 30 30 30 30 30 30 30 30 30 30 30 30 30 30 30 30 30 30 30 30 30 30 30 30 30 36 30 30 30 30 30 30 30 30 30 30 30 30 30 30 30 30 30 30 30 30 30 30 30 30 30 30 30 30 30 30 30 30 30 37 43 46 31 39 0D 00 00 00 01 01 01 00 00 00 00 03 

7E 31 31 30 31 44 30 38 32 45 30 30 32 30 31 46 44 32 37 0D 7E 00 44 30 30 30 36 31 31 38 30 44 37 41 30 44 33 43 31 38 31 38 31 34 31 32 30 30 30 30 30 30 35 35 36 33 31 44 34 43 46 46 30 45 41 36 36 34 30 31 30 31 44 30 38 33 45 30 30 32 30 31 46 44 32 36 0D 00 00 00 00 00 00 00 00 00 00 00 00 00 00 00 00 00 00 00 00 00 00 00 00 00 00 00 00 00 00 00 00 00 00 7E 31 31 30 31 44 30 38 33 45 30 30 32 30 31 46 44 32 36 0D 

7E 31 31 30 31 44 30 30 30 36 31 31 38 30 44 37 41 30 44 33 43 31 38 31 38 31 34 31 32 30 30 30 30 30 30 35 35 36 33 31 44 34 43 46 46 30 45 41 36 36 34 30 31 30 44 37 41 30 44 33 43 31 38 31 38 31 34 31 32 30 30 30 30 30 30 35 35 36 33 31 44 34 43 46 46 30 45 41 36 36 34 30 32 30 44 37 41 30 44 33 43 31 38 31 38 31 34 31 32 30 30 30 30 30 30 35 35 36 33 31 44 34 43 46 46 30 45 41 36 36 34 30 33 30 44 37 41 30 44 33 43 31 38 31 38 31 34 31 32 30 30 30 30 30 30 35 35 36 33 31 44 34 43 46 46 30 45 41 36 36 34 30 34 30 44 37 41 30 44 33 43 31 38 31 38 31 34 31 32 30 30 30 30 30 30 35 35 36 33 31 44 34 43 46 46 30 45 41 36 36 34 30 35 30 44 37 41 30 44 33 43 31 38 31 38 31 34 31 32 30 30 30 30 30 30 35 35 36 33 31 44 34 43 46 46 30 45 41 36 36 34 30 36 30 44 37 41 30 44 33 43 31 38 31 38 31 34 31 32 30 30 30 30 30 30 35 35 36 33 31 44 34 43 46 46 30 45 41 36 36 34 30 37 43 37 45 43 0D 

7E 31 31 30 31 44 30 30 30 36 31 31 38 30 31 30 36 31 31 31 31 30 30 30 30 30 30 30 30 30 30 30 30 30 30 30 30 30 30 30 30 30 30 30 30 30 30 30 30 30 30 30 30 30 31 30 30 30 30 30 30 30 30 30 30 30 30 30 30 30 30 30 30 30 30 30 30 30 30 30 30 30 30 30 30 30 30 30 32 30 30 30 30 30 30 30 30 30 30 30 30 30 30 30 30 30 30 30 30 30 30 30 30 30 30 30 30 30 30 30 30 30 33 30 30 30 30 30 30 30 30 30 30 30 30 30 30 30 30 30 30 30 30 30 30 30 30 30 30 30 30 30 30 30 30 30 34 30 30 30 30 30 30 30 30 30 30 30 30 30 30 30 30 30 30 30 30 30 30 30 30 30 30 30 30 30 30 30 30 30 35 30 30 30 30 30 30 30 30 30 30 30 30 30 30 30 30 30 30 30 30 30 30 30 30 30 30 30 30 30 30 30 30 30 36 30 30 30 30 30 30 30 30 30 30 30 30 30 30 30 30 30 30 30 30 30 30 30 30 30 30 30 30 30 30 30 30 30 37 43 46 31 39 0D 